%YAML:1.0
---
bikes_all: !!opencv-object-detector-hog
   winSize: [ 64, 64 ]
   blockSize: [ 16, 16 ]
   blockStride: [ 8, 8 ]
   cellSize: [ 8, 8 ]
   nbins: 9
   derivAperture: 1
   winSigma: 4.
   histogramNormType: 0
   L2HysThreshold: 2.0000000000000001e-01
   gammaCorrection: 1
   nlevels: 64
   signedGradient: 0
   SVMDetector: [ 1.71677936e-02, -5.64236566e-03, -2.17688736e-02,
       -2.63763610e-02, -1.72678065e-02, -8.18078220e-03,
       -3.13197412e-02, -5.68337273e-03, 6.38765795e-03, 1.09470831e-02,
       -1.25776438e-04, 1.00763598e-02, 3.27666476e-03, 9.16087534e-03,
       -5.78336976e-03, -1.28369154e-02, 1.30198942e-02, 1.34282103e-02,
       1.18369497e-02, -6.29389985e-03, -1.58301368e-02, -2.20626891e-02,
       -7.16082752e-04, -2.43356247e-02, -1.96452532e-02, 1.86849036e-03,
       -9.94421635e-03, 1.63092918e-03, 6.95184804e-03, -1.41861383e-02,
       -1.35879321e-02, 1.83149502e-02, -4.78528580e-03, -5.83698926e-03,
       2.48991940e-02, -5.63864736e-03, -7.64925149e-04, -1.43894705e-03,
       -4.80519095e-03, -1.15176784e-02, 1.06390249e-02, -7.93843472e-04,
       -3.59259988e-03, 1.56435966e-02, 7.23693846e-03, 8.41541309e-03,
       4.85022925e-03, -1.49710793e-02, -2.82649901e-02, -1.34009756e-02,
       1.45671992e-02, 1.84662212e-02, 2.54308991e-02, 1.74089670e-02,
       -1.95265170e-02, -1.26972152e-02, -2.95015853e-02,
       -2.11410988e-02, 2.53197793e-02, 1.19442530e-02, -1.11338487e-02,
       4.17687185e-03, -2.30798312e-02, -8.14733002e-03, -1.25305178e-02,
       -3.49985585e-02, -1.05057843e-02, 2.13294253e-02, 1.49610983e-02,
       -6.78261044e-03, 1.51150357e-02, -2.20093355e-02, -1.22778257e-02,
       -6.70460844e-03, -2.88086031e-02, -6.67512417e-03,
       -6.03670999e-03, -4.93814144e-03, 2.15619784e-02, -1.78458774e-03,
       -2.18358915e-02, -1.93185508e-02, -1.80423278e-02,
       -2.34366078e-02, 2.65541561e-02, 1.13549288e-02, 9.88961011e-03,
       1.04175797e-02, 7.73491245e-03, -4.29902934e-02, -2.16804631e-02,
       -2.88147083e-03, -2.04806067e-02, 1.70071796e-02, 1.24200769e-02,
       -1.47853680e-02, 1.66683912e-03, 7.01882271e-03, -2.43328717e-02,
       -9.75501072e-03, 2.37617828e-02, 4.95747589e-02, 3.36684845e-02,
       2.73342710e-02, 2.37227231e-02, 2.58732550e-02, 2.52393223e-02,
       -6.78300345e-03, -3.57749835e-02, -4.46727015e-02,
       -3.94937620e-02, 1.24139956e-03, -3.47598046e-02, 6.92896685e-03,
       7.84737337e-03, 1.08204270e-02, -2.35933773e-02, -4.55910824e-02,
       -4.75954264e-02, -5.08176126e-02, -8.78236431e-04, 1.27043706e-04,
       4.31066416e-02, 2.41499562e-02, 7.35261058e-03, -1.77563149e-02,
       -6.38120901e-03, 3.13710310e-02, 2.71057654e-02, 1.41826458e-02,
       -3.30731347e-02, 3.06790918e-02, 1.90247744e-02, 1.01191523e-02,
       -2.03216448e-02, 3.59495692e-02, 3.12717743e-02, 6.66787988e-03,
       2.51013134e-02, 2.58764382e-02, 9.04504135e-02, 5.25528044e-02,
       2.82720886e-02, 1.18386578e-02, -2.87112854e-02, -3.37755419e-02,
       -2.41847560e-02, 8.37150123e-03, -8.59304797e-03, 1.18177217e-02,
       6.99258875e-03, -2.90707545e-03, -1.90746170e-02, -3.02103832e-02,
       3.79048064e-02, 6.50978461e-02, 6.45309538e-02, 1.45057738e-02,
       2.72698607e-02, -1.74271362e-03, -1.30547984e-02, -2.81052031e-02,
       1.51659129e-02, -3.61324474e-03, 2.84325739e-04, 6.43998291e-03,
       1.66932140e-02, 7.00279251e-02, 4.41415757e-02, 4.01162310e-03,
       -1.03423111e-02, -4.27169586e-03, 1.82326753e-02, 3.47356722e-02,
       4.66950834e-02, 2.02115718e-02, 5.15308343e-02, 2.78084185e-02,
       -9.50006302e-03, -1.56442262e-03, -9.81077086e-04, 6.53709918e-02,
       8.44608247e-02, 2.05917377e-02, -6.68479875e-03, 5.63339377e-03,
       2.74714758e-03, -2.42666639e-02, -2.80160718e-02, 4.60623205e-02,
       5.77436909e-02, 1.80728044e-02, 7.42682070e-03, -3.65688559e-03,
       2.48636734e-02, 3.10769733e-02, 8.07059091e-03, 2.89652962e-02,
       -2.30321437e-02, 5.96824382e-03, 1.28127942e-02, 2.25934274e-02,
       7.77333090e-03, 3.57231591e-03, 1.84150413e-02, -1.53347012e-02,
       -3.34980376e-02, -3.03127598e-02, -3.85389477e-02,
       -1.50702195e-03, 8.17632210e-03, 2.05262545e-02, 4.21088263e-02,
       5.59522063e-02, 1.39856534e-02, -2.08374690e-02, 3.53758074e-02,
       -8.39340966e-03, -2.98221484e-02, -5.32159256e-03,
       -4.64668460e-02, -1.25682764e-02, 4.76603024e-02, 7.55757242e-02,
       8.21310952e-02, -3.10850032e-02, -5.26909977e-02, -4.02450748e-02,
       -2.88415048e-02, -5.96217252e-02, 1.00870132e-02, 1.13338798e-01,
       1.49098679e-01, 6.12448603e-02, -6.48086444e-02, -4.97806296e-02,
       3.23856855e-03, -1.49998330e-02, -2.01002900e-02, 3.12683024e-02,
       4.67134118e-02, 1.74533278e-02, -4.11103200e-03, -7.14421347e-02,
       -2.56277062e-02, 2.06525866e-02, -1.13006747e-04, 9.85288993e-03,
       3.72552425e-02, 5.41982614e-02, 4.00497206e-02, -1.86041277e-02,
       6.69949176e-03, 7.57779321e-03, -2.18419861e-02, -4.73420694e-02,
       -3.96616990e-03, -1.41279874e-02, -1.62622817e-02, 5.07429196e-03,
       2.00741249e-03, 5.75133273e-03, 2.85438038e-02, -9.59938299e-03,
       -2.71048676e-02, 2.37504952e-02, -2.76532210e-03, -1.46400090e-02,
       2.05365643e-02, -2.70808418e-03, 3.93573614e-03, 7.06823682e-03,
       -2.31408924e-02, -4.44138460e-02, -2.42770519e-02,
       -2.78181309e-04, -6.84077665e-03, -8.71469732e-03,
       -3.71443480e-03, 3.99509771e-03, 1.80966128e-02, -1.17251705e-02,
       -2.74107922e-02, 1.42344488e-02, 3.27436812e-02, 1.21491393e-02,
       1.36522381e-02, 4.25825082e-03, -1.41320808e-03, 4.21035336e-03,
       -2.15609558e-02, -2.16385145e-02, 2.12309193e-02, 3.17361933e-04,
       -1.29808476e-02, 4.84631397e-03, -1.61901955e-02, 1.03338091e-02,
       -3.63075524e-04, -1.02213202e-02, 1.15781184e-02, 3.07817403e-02,
       6.61628367e-03, -9.22525022e-03, 8.63565411e-03, -6.38528215e-03,
       -4.45504207e-03, 1.59374624e-02, -1.41166253e-02, -1.38040874e-02,
       9.99221113e-03, -4.49898606e-03, -2.88124126e-03, 3.92133649e-03,
       -1.89809669e-02, 1.37463640e-02, 2.08964664e-02, 2.07886137e-02,
       3.11009828e-02, 3.12267225e-02, 1.90710519e-02, 1.32309820e-03,
       2.13102344e-03, 9.45177954e-03, -1.57530326e-02, 2.51219352e-03,
       7.15973880e-03, 1.44928684e-02, 1.20502990e-02, -2.11073346e-02,
       -3.91242467e-03, 5.73143887e-04, -2.59521045e-02, -9.74258222e-03,
       3.37424316e-02, 4.55252752e-02, 3.59268859e-02, 2.10072622e-02,
       8.27563368e-03, 1.88789535e-02, 2.05620322e-02, 2.01131901e-04,
       1.03417689e-04, 1.91297531e-02, 2.58465614e-02, 2.53716726e-02,
       -4.38723201e-03, -1.97099205e-02, 7.47134676e-03, 2.12692581e-02,
       -4.60105622e-03, 1.58257484e-02, 3.23709622e-02, 3.47959846e-02,
       3.28157991e-02, 4.12517525e-02, 2.87658460e-02, 3.15748826e-02,
       5.90171628e-02, 9.86198056e-03, -1.41326878e-02, 2.58284453e-02,
       3.51972096e-02, 4.19702521e-03, -2.75849942e-02, 5.21150045e-03,
       2.97685480e-03, 7.85824284e-03, -2.58506127e-02, 2.57210201e-03,
       4.58363406e-02, 2.45341547e-02, -1.21952659e-02, -5.09032235e-03,
       5.99199012e-02, 4.14451919e-02, 1.33295460e-02, -2.62554791e-02,
       -8.73538479e-03, 3.89514640e-02, 4.64499146e-02, 4.15006740e-04,
       -3.05497702e-02, 7.54920708e-04, 7.66893057e-03, 2.20304262e-02,
       -2.42568329e-02, 1.46127976e-02, 4.90842238e-02, 3.11086494e-02,
       -2.55925339e-02, -3.18142660e-02, 2.80404016e-02, 3.10996454e-02,
       7.96948839e-03, -3.01057734e-02, -6.70901500e-03, 1.47116045e-02,
       2.65025394e-03, -8.59742425e-03, 2.12331698e-03, 6.55497685e-02,
       4.45011519e-02, -2.31504254e-02, -3.54551747e-02, -2.39452650e-03,
       1.64599568e-02, 4.03471524e-03, -3.60578136e-03, 8.40015337e-03,
       3.19719166e-02, 3.22521701e-02, -8.60039517e-03, -1.32370321e-02,
       -3.84639623e-03, 2.49368660e-02, 1.29226677e-03, -2.67744735e-02,
