%YAML:1.0
---
my_detector: !!opencv-object-detector-hog
   winSize: [ 24, 24 ]
   blockSize: [ 16, 16 ]
   blockStride: [ 8, 8 ]
   cellSize: [ 8, 8 ]
   nbins: 9
   derivAperture: 1
   winSigma: 4.
   histogramNormType: 0
   L2HysThreshold: 2.0000000000000001e-01
   gammaCorrection: 1
   nlevels: 64
   signedGradient: 0
   SVMDetector: [ -3.21182050e-02, 5.18019348e-02, 1.05372146e-01,
       4.25675362e-02, -3.96572463e-02, 2.79292557e-02, 5.53990081e-02,
       -1.28204403e-02, -6.07682616e-02, -2.68626269e-02, 2.13581733e-02,
       1.32028526e-02, -1.11428918e-02, -4.33557220e-02, 2.93815881e-02,
       6.73746318e-02, 2.31395252e-02, -3.52437645e-02, -1.61712226e-02,
       3.79683673e-02, 7.25799426e-02, 5.02406657e-02, 1.72541924e-02,
       6.26192316e-02, 9.33400169e-02, 2.52027493e-02, -1.72712412e-02,
       -2.59246472e-02, 9.89103317e-03, 5.91014791e-03, 1.32504022e-02,
       -9.63229313e-03, 2.37179920e-02, 4.19657454e-02, 1.48384171e-02,
       -3.00973374e-02, -4.13704664e-03, 2.72974633e-02, 3.62053961e-02,
       -3.62819340e-03, -2.27083247e-02, 4.99701276e-02, 9.70551521e-02,
       6.12455271e-02, -3.04765697e-03, -3.99841368e-03, 5.45815527e-02,
       5.36219068e-02, 1.10337306e-02, -2.36838888e-02, 1.07721938e-02,
       4.54123504e-02, 4.90752794e-02, -7.20874453e-03, -1.76442713e-02,
       2.37246454e-02, 3.95617969e-02, -3.88995220e-04, -4.09557559e-02,
       1.84266660e-02, 5.17006330e-02, 3.84865887e-02, -1.17238313e-02,
       -2.33355891e-02, 3.37576605e-02, 4.18103524e-02, -1.50432605e-02,
       -5.29401526e-02, -1.58098899e-02, 3.73818092e-02, 2.04465780e-02,
       -2.10585650e-02, -3.02010570e-02, 2.29689106e-02, 5.97043559e-02,
       4.71509695e-02, -8.42308905e-03, 4.60076407e-02, 9.67252180e-02,
       4.88139056e-02, -1.64985545e-02, -2.85820924e-02, 2.14526616e-02,
       4.08388861e-02, 2.88672131e-02, -8.33165739e-03, -2.48864177e-03,
       1.53575903e-02, 7.07197422e-03, -3.19761820e-02, -5.51353805e-02,
       5.21896267e-03, 5.08755110e-02, 1.00190816e-02, -5.00572473e-02,
       2.76809968e-02, 1.09604053e-01, 8.01123232e-02, -3.72069664e-02,
       -1.10702142e-02, 5.29545322e-02, 9.14693177e-02, 4.10593338e-02,
       -2.17580479e-02, 5.52887609e-03, 1.06821479e-02, 3.07983998e-02,
       -2.11754981e-02, -1.55129442e-02, 4.86896038e-02, 7.28199258e-02,
       1.21526895e-02, -5.65842614e-02, -2.70384047e-02, 8.15270841e-03,
       4.82979137e-03, -4.03624922e-02, -3.78577337e-02, 3.08591947e-02,
       5.91033176e-02, -1.16404938e-02, -7.71847144e-02, -3.49489115e-02,
       -6.29636459e-04, 4.89017460e-03, -4.21632230e-02, 2.03252546e-02,
       1.04654007e-01, 1.43568158e-01, 6.05721176e-02, -2.62042619e-02,
       -2.14722082e-02, 1.74263809e-02, 2.50867885e-02, -8.12218804e-03,
       1.03671607e-02, 9.57056656e-02, 1.00501537e-01, 2.75367964e-02,
       -2.44421959e-02, -2.25769095e-02, 2.78299339e-02, 4.94774953e-02,
       6.70128735e-03, -9.47453797e-01 ]
